local Library = loadstring(game:HttpGet("https://raw.githubusercontent.com/xHeptc/Kavo-UI-Library/main/source.lua"))()
local Window = Library.CreateLib("Connor's GUI", "Ocean")

-- MAIN
local Main = Window:NewTab("Main")
local MainSection = Main:NewSection("Teleports")


MainSection:NewButton("Spawn", "Teleport to spawn!", function()
    game.Players.LocalPlayer.Character.HumanoidRootPart.CFrame = CFrame.new(-24.2176151, 128.195923, 96.2679749, 0.999457359, 6.17527451e-09, 0.032939624, -9.36763644e-09, 1, 9.67612266e-08, -0.032939624, -9.70172849e-08, 0.999457359)
end)

MainSection:NewButton("Doodle Sphere", "Teleport to the doodle sphere!", function()
    game.Players.LocalPlayer.Character.HumanoidRootPart.CFrame = CFrame.new(-2371.54492, 533.417664, -664.189697, 0.999889791, 7.84340446e-05, -0.0148477741, -0.000266837538, 0.999919474, -0.0126874493, 0.0148455836, 0.0126900123, 0.999809265)
end)

MainSection:NewButton("Snowdin", "Teleport to snowdin!", function()
    game.Players.LocalPlayer.Character.HumanoidRootPart.CFrame = CFrame.new(653.439941, 181.338318, -266.2453, 0.00180233037, 6.28873309e-08, -0.999998391, -8.02061066e-08, 1, 6.27428776e-08, 0.999998391, 8.00928888e-08, 0.00180233037)
end)

MainSection:NewButton("Waterfall", "Teleport to waterfall!", function()
    game.Players.LocalPlayer.Character.HumanoidRootPart.CFrame = CFrame.new(-1257.57751, 169.429352, 88.9650726, 0.998708546, -5.7520019e-08, 0.0508055575, 5.4436093e-08, 1, 6.20842542e-08, -0.0508055575, -5.92384204e-08, 0.998708546)
end)

MainSection:NewButton("Hotland", "Teleport to hotland!", function()
    game.Players.LocalPlayer.Character.HumanoidRootPart.CFrame = CFrame.new(-270.449005, 61.9409943, -1039.23596, 0.999999046, -4.23244637e-06, 0.00138114532, -4.23244637e-06, 0.999981225, 0.0061288327, -0.00138114532, -0.0061288327, 0.9999802710)
end)

MainSection:NewButton("Core", "Teleport to core!", function()
    game.Players.LocalPlayer.Character.HumanoidRootPart.CFrame = CFrame.new(-196.685608, 138.589142, -1870.35071, 0.999830186, -9.0252108e-09, 0.0184282269, 7.86572762e-09, 1, 6.29913686e-08, -0.0184282269, -6.28357171e-08, 0.999830186)
end)

-- PLAYER
local Player = Window:NewTab("Local Player")
local PlayerSection = Player:NewSection("Player")

PlayerSection:NewSlider("WalkSpeed", "Changes your WalkSpeed!", 500, 0, function(s) 
    game.Players.LocalPlayer.Character.Humanoid.WalkSpeed = s
end)

PlayerSection:NewButton("Reset WalkSpeed", "Resets your WalkSpeed to normal!", function()
    game.Players.LocalPlayer.Character.Humanoid.WalkSpeed = 16
end)

PlayerSection:NewSlider("JumpPower", "Changes your JumpPower!", 500, 0, function(s) 
    game.Players.LocalPlayer.Character.Humanoid.JumpPower = s
end)

PlayerSection:NewButton("Reset JumpPower", "Resets your JumpPower!", function()
    game.Players.LocalPlayer.Character.Humanoid.JumpPower = 50
end)
